45801
33561
17477
27269
28909
22297
27175
56574
45358
35362
29826
16035
23740
42681
19425
23835
10711
24575
46579
46611
26750
40597
23894
35547
41440
28179
25415
33794
36493
66087
22424
39674
47037
25704
17325
33835
36430
24984
14177
21387
31223
28258
17812
29856
31593
22174
22249
16554
44740
35339
25420
32495
35228
30146
21602
20867
11363
31539
22509
15927
45124
32239
21593
22397
43483
33639
47930
90788
26674
13489
16076
31836
26178
16866
32839
38297
44762
28116
43865
46552
45952
33691
15944
15885
17331
10290
64900
14253
42750
24447
13563
60436
38333
62040
44522
26533
33426
15265
50764
26215
30112
42960
23442
22196
37840
53342
19706
20995
37296
23766
22056
38787
25521
42523
27679
25572
28382
24247
30974
45582
22934
38184
18377
26820
22687
37578
32372
23482
18290
43396
38533
21499
23974
24872
36974
18512
31564
23590
36679
24602
46783
28671
32718
24367
19455
28796
41930
21353
21146
22008
29780
20464
32712
25337
42665
19356
16440
27050
14155
16801
24694
31304
20527
23951
25780
32766
42741
42340
26166
23787
41529
18891
17121
31229
24640
34620
25738
32718
38154
35868
28718
20484
26043
21524
14219
24094
30611
22585
28290
38837
22093
29860
37656
29726
23798
32189
15048
35045
49707
25342
32562
30968
33726
37604
19627
36543
20614
22705
25596
27158
34196
26067
25157
27564
31723
31362
41966
20554
25481
32588
22663
21626
27039
21457
37963
32910
31492
27213
33536
47245
48669
22514
24797
28386
36376
30521
31444
35735
40491
30767
29202
22588
27499
21394
29081
24978
27124
18210
40812
26610
26438
30659
34928
25355
24749
26795
16850
46430
25403
29262
35778
33569
23460
31377
25235
41885
26550
30839
33300
21414
26288
30349
36725
34045
21991
29065
38082
33077
29506
27135
32532
28600
21643
23978
31373
27929
23468
36566
36496
35071
31113
34847
30007
31692
36591
23739
32449
25894
30353
38201
35307
